3
4
5
7
8
10
11
14
15
18
19
20
21
24
27
29
30
31
34
35
36
38
39
40
41
42
43
44
46
50
51
54
56
57
59
61
62
64
66
68
70
71
73
74
77
78
79
81
84
85
88
90
92
96
97
98
100
102
103
104
106
107
110
112
114
115
117
119
121
124
128
131
132
134
135
136
138
139
141
143
146
147
148
151
153
154
156
158
159
161
164
165
166
168
169
172
173
175
176
178
182
185
187
189
191
193
196
199
202
203
204
207
209
211
213
216
217
219
221
223
225
227
229
231
234
236
238
240
242
244
245
248
250
252
254
257
258
260
261
262
263
264
265
267
268
271
274
275
276
278
279
281
284
285
287
288
289
291
293
294
296
297
299
302
307
308
310
313
315
318
320
322
323
324
326
329
331
332
333
334
336
339
340
342
346
347
349
350
352
353
354
356
357
359
360
363
364
366
370
372
373
374
377
379
381
383
386
388
389
391
393
395
397
398
401
402
404
407
408
410
412
414
415
417
419
420
422
423
425
427
432
434
438
444
445
448
450
453
455
457
460
461
462
464
466
468
471
472
474
476
479
481
483
484
485
490
493
496
502
508
510
512
514
516
519
521
523
525
526
529
531
532
537
538
541
542
544
546
549
551
553
554
556
558
560
563
564
567
568
570
573
574
575
576
578
580
583
584
586
588
589
590
593
597
599
600
603
605
608
609
612
615
616
617
619
621
623
627
629
630
633
637
641
643
645
647
649
651
653
657
658
661
662
665
667
668
671
674
676
677
680
683
686
688
691
695
696
698
701
704
705
707
708
709
710
712
713
715
716
717
719
721
722
723
725
728
730
731
732
733
735
738
739
740
743
744
